  1.0000   0.0000
  0.9990  -0.0001
  0.9961  -0.0006
  0.9911  -0.0013
  0.9843  -0.0024
  0.9755  -0.0037
  0.9649  -0.0053
  0.9524  -0.0071
  0.9382  -0.0093
  0.9222  -0.0117
  0.9045  -0.0143
  0.8853  -0.0171
  0.8645  -0.0201
  0.8423  -0.0232
  0.8187  -0.0264
  0.7939  -0.0296
  0.7679  -0.0329
  0.7409  -0.0360
  0.7129  -0.0391
  0.6841  -0.0419
  0.6545  -0.0445
  0.6243  -0.0468
  0.5937  -0.0488
  0.5627  -0.0503
  0.5314  -0.0515
  0.5000  -0.0521
  0.4686  -0.0523
  0.4373  -0.0520
  0.4063  -0.0512
  0.3757  -0.0500
  0.3455  -0.0483
  0.3159  -0.0462
  0.2871  -0.0438
  0.2591  -0.0411
  0.2321  -0.0381
  0.2061  -0.0350
  0.1813  -0.0318
  0.1577  -0.0285
  0.1355  -0.0253
  0.1147  -0.0222
  0.0955  -0.0192
  0.0778  -0.0164
  0.0618  -0.0138
  0.0476  -0.0114
  0.0351  -0.0092
  0.0245  -0.0073
  0.0157  -0.0056
  0.0089  -0.0040
  0.0039  -0.0026
  0.0010  -0.0013
  0.0000   0.0000
  0.0010   0.0050
  0.0039   0.0100
  0.0089   0.0150
  0.0157   0.0199
  0.0245   0.0248
  0.0351   0.0295
  0.0476   0.0341
  0.0618   0.0385
  0.0778   0.0428
  0.0955   0.0468
  0.1147   0.0506
  0.1355   0.0542
  0.1577   0.0575
  0.1813   0.0604
  0.2061   0.0631
  0.2321   0.0653
  0.2591   0.0672
  0.2871   0.0687
  0.3159   0.0698
  0.3455   0.0704
  0.3757   0.0706
  0.4063   0.0704
  0.4373   0.0697
  0.4686   0.0687
  0.5000   0.0672
  0.5314   0.0653
  0.5627   0.0631
  0.5937   0.0606
  0.6243   0.0577
  0.6545   0.0546
  0.6841   0.0512
  0.7129   0.0477
  0.7409   0.0440
  0.7679   0.0402
  0.7939   0.0364
  0.8187   0.0326
  0.8423   0.0288
  0.8645   0.0251
  0.8853   0.0215
  0.9045   0.0181
  0.9222   0.0149
  0.9382   0.0120
  0.9524   0.0093
  0.9649   0.0069
  0.9755   0.0048
  0.9843   0.0031
  0.9911   0.0018
  0.9961   0.0008
  0.9990   0.0002
